Datenblatt der Exergieanalyse für das ε-Hochdruck-Diagramm des Kreislaufs mit interner Wärmerückgewinnung (oberer Druck und exergetischer Wirkungsgrad)

R1233zd(E)
[40.0, 40.35897435897436, 40.717948717948715, 41.07692307692308, 41.43589743589744, 41.794871794871796, 42.15384615384615, 42.51282051282051, 42.87179487179487, 43.23076923076923, 43.58974358974359, 43.94871794871795, 44.30769230769231, 44.666666666666664, 45.02564102564102, 45.38461538461539, 45.743589743589745, 46.1025641025641, 46.46153846153846, 46.82051282051282, 47.17948717948718, 47.53846153846154, 47.8974358974359, 48.256410256410255, 48.61538461538461, 48.97435897435898, 49.333333333333336, 49.69230769230769, 50.05128205128205, 50.41025641025641, 50.769230769230774, 51.128205128205124, 51.48717948717949, 51.84615384615385, 52.205128205128204, 52.56410256410256, 52.92307692307692, 53.282051282051285, 53.64102564102564, 54.0]
[66.61379996834475, 66.87189457710026, 67.06376742325769, 67.20958919737195, 67.32176630036273, 67.40843800940507, 67.4752167281012, 67.52612778242673, 67.56415149991635, 67.59155298066233, 67.61009159984425, 67.62115944753143, 67.62587543586038, 67.62515121895764, 67.61973861182258, 67.61026380767954, 67.59725334181245, 67.5811535260748, 67.56234542520306, 67.54115651677321, 67.5178698684438, 67.49273149842833, 67.46595615575248, 67.43773221823758, 67.40822551532906, 67.37758257801858, 67.34593330934551, 67.31339321819138, 67.28006529860579, 67.2460416179979, 67.21140466805235, 67.17622851792831, 67.14057980378371, 67.10451852538024, 67.06809900938309, 67.03137021365718, 66.99437650939932, 66.95715811424094, 66.91975152130463, 66.88218987647812]
R600
[51.0, 51.58974358974359, 52.17948717948718, 52.76923076923077, 53.35897435897436, 53.94871794871795, 54.53846153846154, 55.12820512820513, 55.717948717948715, 56.30769230769231, 56.8974358974359, 57.48717948717949, 58.07692307692308, 58.666666666666664, 59.256410256410255, 59.84615384615385, 60.43589743589744, 61.02564102564102, 61.61538461538461, 62.205128205128204, 62.794871794871796, 63.38461538461539, 63.97435897435898, 64.56410256410257, 65.15384615384616, 65.74358974358975, 66.33333333333333, 66.92307692307692, 67.51282051282051, 68.1025641025641, 68.6923076923077, 69.28205128205128, 69.87179487179488, 70.46153846153847, 71.05128205128204, 71.64102564102564, 72.23076923076923, 72.82051282051282, 73.41025641025641, 74.0]
[62.17936267253379, 62.66776633463941, 63.08385919513568, 63.4367097395088, 63.735072298134796, 63.986906980978986, 64.19919305695534, 64.37791334286742, 64.52812718710697, 64.6540808307109, 64.75932599883721, 64.846831796157, 64.9190837754558, 64.97816804433339, 65.0258415500319, 65.06358984886265, 65.09267426722137, 65.11417034834436, 65.12899914612252, 65.1379527324125, 65.14171503798538, 65.14087893419118, 65.13596027950427, 65.12740951313359, 65.1156213664658, 65.10094273371703, 65.08367947232243, 65.06410200907486, 65.04245013575392, 65.01893684252323, 64.99375201008564, 64.96706514483408, 64.9390279202872, 64.90977632137725, 64.87943249926379, 64.84810636447028, 64.81589698062828, 64.78289377213801, 64.74917757918072, 64.7148215811821]
R1336mzz(Z)
[28.5, 28.666666666666668, 28.833333333333332, 29.0, 29.166666666666668, 29.333333333333332, 29.5, 29.666666666666668, 29.833333333333332, 30.0, 30.166666666666668, 30.333333333333332, 30.5, 30.666666666666668, 30.833333333333332, 31.0, 31.166666666666668, 31.333333333333332, 31.5, 31.666666666666668, 31.833333333333332, 32.0, 32.166666666666664, 32.333333333333336, 32.5, 32.666666666666664, 32.833333333333336, 33.0, 33.166666666666664, 33.333333333333336, 33.5, 33.666666666666664, 33.833333333333336, 34.0, 34.166666666666664, 34.333333333333336, 34.5, 34.666666666666664, 34.833333333333336, 35.0]
[67.65575733040009, 67.95617135744982, 68.16063235444105, 68.31192757862752, 68.42888476101578, 68.52166515962904, 68.5964333729428, 68.6572438190745, 68.70691785441407, 68.74750469222428, 68.78054337669528, 68.80722128841713, 68.82847491179488, 68.8450566860423, 68.85758055750651, 68.86655431919112, 68.8724028522654, 68.87548529565589, 68.87610795079615, 68.87453414067059, 68.87099185356071, 68.86567974705706, 68.85877191957252, 68.85042174329774, 68.8407649734369, 68.82992229217666, 68.81800140797687, 68.80509879978044, 68.79130117848914, 68.77668671598009, 68.76132608703293, 68.74528335820594, 68.72861674840367, 68.71137929921363, 68.69361936760677, 68.67538125444688, 68.65670550086163, 68.63762932802462, 68.61818695295908, 68.59840987835564]
R601
[24.63, 25.024102564102563, 25.418205128205127, 25.81230769230769, 26.206410256410255, 26.60051282051282, 26.994615384615383, 27.388717948717947, 27.78282051282051, 28.176923076923075, 28.571025641025642, 28.965128205128202, 29.35923076923077, 29.75333333333333, 30.147435897435898, 30.54153846153846, 30.935641025641026, 31.32974358974359, 31.723846153846154, 32.11794871794872, 32.51205128205128, 32.90615384615384, 33.30025641025641, 33.69435897435898, 34.08846153846154, 34.4825641025641, 34.876666666666665, 35.27076923076923, 35.66487179487179, 36.05897435897436, 36.45307692307692, 36.84717948717949, 37.24128205128205, 37.635384615384616, 38.02948717948718, 38.423589743589744, 38.817692307692305, 39.21179487179487, 39.60589743589743, 40.0]
[73.7834837236136, 73.57946486607304, 73.38174439213525, 73.19003439547302, 73.00406496122788, 72.82358189832567, 72.64834575530863, 72.4781321090165, 72.31272794891154, 72.15193299071245, 71.99555788096461, 71.84342357867293, 71.69536064764759, 71.55120863190416, 71.41081535092432, 71.27403638743837, 71.14073529602688, 71.01078109140109, 70.88405040315372, 70.76042512951982, 70.63979311339418, 70.52204722210055, 70.4070855314245, 70.29481182524285, 70.18513175127751, 70.07795693550479, 69.97320243315734, 69.87078696520594, 69.77063271229369, 69.6726651218451, 69.57681272898378, 69.48300698856623, 69.39118211882287, 69.30127495502619, 69.21322481232053, 69.12697335784037, 69.04246449054614, 68.95964422904038, 68.8784606061439, 68.79886357007372]
R601 (Senke 175 ein und 205 aus und ttd_l beim Gaskühler 15 statt 10)
[31.0, 31.23076923076923, 31.46153846153846, 31.692307692307693, 31.923076923076923, 32.15384615384615, 32.38461538461539, 32.61538461538461, 32.84615384615385, 33.07692307692308, 33.30769230769231, 33.53846153846154, 33.76923076923077, 34.0, 34.23076923076923, 34.46153846153846, 34.69230769230769, 34.92307692307692, 35.15384615384615, 35.38461538461539, 35.61538461538461, 35.84615384615385, 36.07692307692308, 36.30769230769231, 36.53846153846154, 36.76923076923077, 37.0, 37.23076923076923, 37.46153846153846, 37.69230769230769, 37.92307692307692, 38.15384615384615, 38.38461538461539, 38.61538461538461, 38.84615384615385, 39.07692307692308, 39.30769230769231, 39.53846153846154, 39.769230769230774, 40.0]
[68.47551797173277, 68.50074931721312, 68.51777295065497, 68.528136329872, 68.53300649620887, 68.5332858267658, 68.52968780464329, 68.52278635278299, 68.51305010635072, 68.50086675707695, 68.48656088793587, 68.47040640959703, 68.45263302097833, 68.43344362582128, 68.41300996143515, 68.39148188605816, 68.3689902508438, 68.34564985008734, 68.32156184196656, 68.29681568798256, 68.27149080106736, 68.24565789502239, 68.21938012035291, 68.19271401756116, 68.16571034796532, 68.13841475658953, 68.11086838821716, 68.08310839271996, 68.0551683631633, 68.02707873578937, 67.998867103393, 67.9705585213995, 67.94217576212766, 67.91373954185693, 67.88526872057705, 67.85678047969516, 67.82829047964299, 67.79981300011775, 67.77136106563133, 67.742946557598]
