R601 einfacher Kreislauf (beide ttd_l=5)
{"p_kond": [36.0, 36.73684210526316, 37.473684210526315, 38.21052631578947, 38.94736842105263, 39.68421052631579, 40.421052631578945, 41.1578947368421, 41.89473684210526, 42.63157894736842, 43.368421052631575, 44.10526315789474, 44.84210526315789, 45.578947368421055, 46.31578947368421, 47.05263157894737, 47.78947368421053, 48.526315789473685, 49.26315789473684, 50.0]}
{"p_kond": [2.038412672245637, 2.0364604702215003, 2.034520426886438, 2.032588891602735, 2.0306630504950456, 2.028740734205612, 2.026820272654689, 2.0249003849380927, 2.0229800953769126, 2.021058669114417, 2.019135561724547, 2.017210380897864, 2.0152828552767836, 2.0133528103235143, 2.011420149174856, 2.009484837237685, 2.0075468896218145, 2.005606361077908, 2.003663338014335, 2.0017179320043708]}
{"p_kond": [58.46610980332204, 58.427784701903626, 58.38967532020024, 58.35171029220281, 58.31383454064505, 58.27600554270372, 58.238190507643694, 58.20036423628587, 58.16250748834963, 58.124605729493425, 58.086648150410966, 58.0486269211093, 58.01053658366955, 57.972373582187686, 57.93413588923554, 57.89582270573038, 57.85743421542466, 57.81897138838885, 57.7804358251622, 57.741829629572216]}
R1233ZD(E) einfacher Kreislauf (beide ttd_l=5)
{"p_kond": [57.0, 57.73684210526316, 58.473684210526315, 59.21052631578947, 59.94736842105263, 60.68421052631579, 61.421052631578945, 62.1578947368421, 62.89473684210526, 63.63157894736842, 64.36842105263158, 65.10526315789474, 65.84210526315789, 66.57894736842105, 67.3157894736842, 68.05263157894737, 68.78947368421052, 69.52631578947368, 70.26315789473684, 71.0]}
{"p_kond": [1.9340608460628619, 1.934701884952837, 1.9352291113668745, 1.935650479714032, 1.9359731934389803, 1.936203796437644, 1.9363482512817878, 1.93641200596659, 1.9364000477637322, 1.9363169687224127, 1.9361669856556192, 1.9359539930187044, 1.9356815921011323, 1.9353531197542087, 1.9349716737817648, 1.9345401352728149, 1.9340611883690473, 1.9335373378033058, 1.9329709245037774, 1.9323641395149653]}
{"p_kond": [56.384474816876285, 56.397471196588356, 56.408158184072896, 56.41669813147689, 56.42323786206549, 56.42791057980716, 56.43083750128224, 56.43212924640842, 56.43188696108597, 56.43020367025324, 56.4271647042255, 56.42284878789216, 56.41732864683833, 56.41067160181641, 56.40294009311341, 56.39419214186909, 56.38448175753481, 56.37385929918113, 56.362371796752406, 56.350063237070295]}
R600 einfacher Kreislauf (beide ttd_l=5)
{"p_kond": [93.0, 94.6842105263158, 96.36842105263158, 98.05263157894737, 99.73684210526315, 101.42105263157895, 103.10526315789474, 104.78947368421052, 106.47368421052632, 108.15789473684211, 109.84210526315789, 111.52631578947368, 113.21052631578948, 114.89473684210526, 116.57894736842105, 118.26315789473685, 119.94736842105263, 121.63157894736841, 123.3157894736842, 125.0]}
{"p_kond": [1.5430981567284683, 1.5446309003209413, 1.5459046764332496, 1.5469412584278204, 1.5477601648993822, 1.548378949743779, 1.5488134474909985, 1.5490779819207061, 1.5491855435305686, 1.5491479455461716, 1.5489759515345634, 1.5486793925221507, 1.548267265540551, 1.5477478203887691, 1.5471286354407385, 1.5464166843069593, 1.5456183945653705, 1.5447396996710763, 1.543786084984104, 1.5427626285963558]}
{"p_kond": [47.937043765487516, 47.972322999243985, 48.00162776765613, 48.025466359159324, 48.044293142438306, 48.0585156710043, 48.06850066936132, 48.07457910451517, 48.07705048602017, 48.07618662880262, 48.07223472842315, 48.06542016723444, 48.05594887130156, 48.04400937865678, 48.02977464106761, 48.01340360421904, 47.99504259588087, 47.974826549699095, 47.95288008759796, 47.92931847737271]}
R1336mzz(Z) einfacher Kreislauf (beide ttd_l=5)
{"p_kond": [63.0, 63.63157894736842, 64.26315789473684, 64.89473684210526, 65.52631578947368, 66.15789473684211, 66.78947368421052, 67.42105263157895, 68.05263157894737, 68.6842105263158, 69.3157894736842, 69.94736842105263, 70.57894736842105, 71.21052631578948, 71.84210526315789, 72.47368421052632, 73.10526315789474, 73.73684210526315, 74.36842105263158, 75.0]}
{"p_kond": [1.6761459628902151, 1.6762290504051431, 1.6762784950881024, 1.6762955210933543, 1.6762812976126755, 1.6762369420289391, 1.6761635228460108, 1.676062062414265, 1.6759335394678183, 1.675778891486582, 1.6755990157318676, 1.675394776321054, 1.6751669982055155, 1.674916474548875, 1.6746439669557016, 1.674350207058078, 1.674035898000423, 1.6737017158358858, 1.673348310837915, 1.672976307398288]}
{"p_kond": [50.933654746024985, 50.9354850317326, 50.93657419574814, 50.93694923929615, 50.93663592903066, 50.93565886908167, 50.93404156809439, 50.93180650146236, 50.92897516922721, 50.92556814990231, 50.92160512487056, 50.91710503575454, 50.91208595299397, 50.906565239684866, 50.900559557482005, 50.89408490272085, 50.88715663987876, 50.87978953312612, 50.87199777601251, 50.86379498969181]}
