R601 einfacher Kreislauf Parallelkompression (beide ttd_l=5)
{"p_kond": [26.0, 26.42105263157895, 26.842105263157894, 27.263157894736842, 27.684210526315788, 28.105263157894736, 28.526315789473685, 28.94736842105263, 29.36842105263158, 29.789473684210527, 30.210526315789473, 30.63157894736842, 31.05263157894737, 31.473684210526315, 31.894736842105264, 32.31578947368421, 32.73684210526316, 33.1578947368421, 33.578947368421055, 34.0]}
{"p_kond": [3.2964380162037665, 3.277608212769328, 3.259524697758157, 3.242145140178599, 3.225430398954256, 3.2093441551623485, 3.1938524441958673, 3.1789236870370634, 3.1645285344502017, 3.1506395769111943, 3.137231242755673, 3.1242795104574723, 3.11176191218741, 3.0996573702053802, 3.087946034894232, 3.0766092686589523, 3.065629551218982, 3.054990283511969, 3.044675840535506, 3.0346715601921277]}
{"p_kond": [79.12874636654153, 78.86927354892774, 78.61888632070952, 78.37713205166294, 78.14358835167664, 77.91785956202163, 77.69957159650042, 77.48837360589854, 77.28393691350733, 77.08595190987312, 76.89412749106302, 76.70818773712867, 76.52787266084144, 76.35293649491963, 76.18314592001569, 76.0182803388341, 75.85813096916407, 75.70249839915223, 75.55119372767756, 75.404038754202]}
R1233ZD(E) einfacher Kreislauf Parallelkompression (beide ttd_l=5)
{"p_kond": [42.0, 42.421052631578945, 42.8421052631579, 43.26315789473684, 43.68421052631579, 44.10526315789474, 44.526315789473685, 44.94736842105263, 45.368421052631575, 45.78947368421053, 46.21052631578947, 46.631578947368425, 47.05263157894737, 47.473684210526315, 47.89473684210526, 48.31578947368421, 48.73684210526316, 49.1578947368421, 49.578947368421055, 50.0]}
{"p_kond": [2.7317016092699524, 2.7487626534172316, 2.758572909951763, 2.7635300419812947, 2.7652652014126304, 2.7648304941277178, 2.7629037047944274, 2.7599300106336675, 2.756209524885843, 2.751949948589994, 2.747298616544143, 2.742362340097722, 2.7372200359625443, 2.731930969147778, 2.7265402685968128, 2.7210827011626963, 2.715585312668528, 2.7100693084522036, 2.704551417852, 2.6990448994139795]}
{"p_kond": [70.75296616468019, 71.02535934393853, 71.1814013985854, 71.26008744865047, 71.2876044946371, 71.28071193234537, 71.25015140633087, 71.20295387158751, 71.14384839236595, 71.07610333166508, 71.00203571211858, 70.92332538970429, 70.84121439167855, 70.75663669937695, 70.67030490906876, 70.58276942383273, 70.49445981743916, 70.40571425067806, 70.31680079531482, 70.2279331307116]}
R600 einfacher Kreislauf Parallelkompression (beide ttd_l=5)
{"p_kond": [52.0, 52.68421052631579, 53.36842105263158, 54.05263157894737, 54.73684210526316, 55.421052631578945, 56.10526315789474, 56.78947368421053, 57.473684210526315, 58.1578947368421, 58.8421052631579, 59.526315789473685, 60.21052631578947, 60.89473684210526, 61.578947368421055, 62.26315789473684, 62.94736842105263, 63.631578947368425, 64.3157894736842, 65.0]}
{"p_kond": [2.680214012092145, 2.672920368018363, 2.665295938615942, 2.657478653515893, 2.6495643566747096, 2.6416205324109576, 2.633695123814075, 2.625822369199214, 2.6180267281092133, 2.61032558430679, 2.60273113933686, 2.5952517596741225, 2.5878929556066588, 2.5806580868282314, 2.5735488958364194, 2.5665659016883673, 2.5597086984446715, 2.55297618237684, 2.5463667261561365, 2.539878313192683]}
{"p_kond": [69.92298632520374, 69.80443808623885, 69.68025236315071, 69.55264752506416, 69.42317153967733, 69.29292053828303, 69.16267902462853, 69.03301259985646, 68.90433030727174, 68.7769275595334, 68.65101622600174, 68.5267460571949, 68.4042202774066, 68.28350683739521, 68.16464694653533, 68.04766138642304, 67.93255531181015, 67.8193219199606, 67.70794527659459, 67.59840250606439]}
R1336mzz(Z) einfacher Kreislauf Parallelkompression (beide ttd_l=5)
{"p_kond": [32.0, 32.36842105263158, 32.73684210526316, 33.10526315789474, 33.473684210526315, 33.8421052631579, 34.21052631578947, 34.578947368421055, 34.94736842105263, 35.31578947368421, 35.68421052631579, 36.05263157894737, 36.421052631578945, 36.78947368421053, 37.1578947368421, 37.526315789473685, 37.89473684210526, 38.26315789473684, 38.63157894736842, 39.0]}
{"p_kond": [3.0759906559659584, 3.0651530302211873, 3.054611522677478, 3.044353420294164, 3.0343666944822596, 3.0246399615555215, 3.0151624451106063, 3.0059239383628684, 2.996914769843919, 2.9881257702934945, 2.9795482416675356, 2.9711739280985054, 2.9629949887515017, 2.955003972526064, 2.947193794341366, 2.939557713274101, 2.9320893120222884, 2.9247824778598117, 2.917631384894887, 2.9106304775489384]}
{"p_kond": [76.00977345165111, 75.85167245569153, 75.69745127444546, 75.54695794711199, 75.40004785577221, 75.25658337440274, 75.11643352543805, 74.97947361733586, 74.84558491381537, 74.71465430539702, 74.58657399745724, 74.46124121454677, 74.3385579202026, 74.2184305539587, 74.10076978133368, 73.98549026345864, 73.87251043728725, 73.76175231157366, 73.65314127467084, 73.5466059151815]}
