R1336mzz(Z) bei T_Senke_aus=190, T_Senke_in=160
[30.1, 30.93684210526316, 31.773684210526316, 32.61052631578947, 33.44736842105263, 34.28421052631579, 35.12105263157895, 35.95789473684211, 36.794736842105266, 37.631578947368425, 38.468421052631584, 39.305263157894736, 40.142105263157895, 40.97894736842105, 41.81578947368421, 42.65263157894737, 43.48947368421052, 44.32631578947368, 45.16315789473684, 46.0]
[3.0110053298003145, 2.99137886760791, 2.9710123146373735, 2.9508757563578207, 2.931349033968853, 2.9125827343326733, 2.89462494357457, 2.87747442501105, 2.8611055792373965, 2.845481057444307, 2.830558449511412, 2.8162939290819367, 2.8026442560974347, 2.7895678597784332, 2.7770253960960134, 2.7649799924861687, 2.7533973182469316, 2.7422455458772603, 2.7314952536236436, 2.7211192955128602]
[73.46416654644511, 73.1786539539992, 72.88077127359642, 72.58463354980789, 72.29591442209899, 72.0169892065631, 71.74874040131168, 71.4913174393382, 71.24449562802751, 71.00785946940512, 70.78090139866804, 70.5630768183917, 70.35383533146474, 70.15263848267126, 69.95896966423113, 69.77233925048691, 69.59228699140884, 69.41838262392633, 69.2502254570412, 69.08744333377946]
R1336mzz(Z) bei T_Senke_aus=190, T_Senke_in=150
[30.4, 31.221052631578946, 32.04210526315789, 32.863157894736844, 33.68421052631579, 34.50526315789474, 35.32631578947368, 36.14736842105263, 36.96842105263158, 37.78947368421053, 38.61052631578947, 39.43157894736842, 40.25263157894737, 41.07368421052632, 41.89473684210526, 42.71578947368421, 43.53684210526316, 44.357894736842105, 45.17894736842105, 46.0]
[3.218794157396547, 3.191584756514177, 3.166142574400378, 3.1422904558048548, 3.1198733935298573, 3.098755201180361, 3.078815755848042, 3.0599487089247996, 3.0420595770547307, 3.02506414747247, 3.0088871398542594, 2.9934610784765074, 2.9787253362656063, 2.964625319523079, 2.9511117676950165, 2.9381401486463075, 2.925670133061111, 2.913665135866493, 2.9020919138038845, 2.8909202130141773]
[74.65056630822548, 74.28421480360687, 73.93927906078075, 73.61379216275175, 73.30601023296374, 73.01438208333298, 72.73752351315025, 72.4741955745043, 72.22328613818001, 71.98379427365305, 71.75481696739337, 71.53553779090316, 71.32521718097917, 71.12318405100638, 70.92882849472788, 70.74159540674434, 70.56097886586427, 70.38651717250913, 70.21778843697035, 70.05440667477184]
R1336mzz(Z) bei T_Senke_aus=190, T_Senke_in=140
[32.83, 33.52315789473684, 34.21631578947368, 34.909473684210525, 35.60263157894737, 36.29578947368421, 36.98894736842105, 37.682105263157894, 38.375263157894736, 39.06842105263158, 39.76157894736842, 40.45473684210526, 41.147894736842105, 41.84105263157895, 42.53421052631579, 43.22736842105263, 43.92052631578947, 44.613684210526316, 45.30684210526316, 46.0]
[3.371329374739498, 3.3514997969486893, 3.3326398306406957, 3.3146721974664204, 3.2975270386260935, 3.281141071824987, 3.2654568632163308, 3.2504221968878118, 3.2359895256404343, 3.2221154917532218, 3.2087605057906363, 3.195888375483987, 3.1834659760673034, 3.171462958010973, 3.1598514858559743, 3.1486060044111963, 3.137703029602462, 3.1271209606130874, 3.116839911098366, 3.1068415572759287]
[74.80946520241703, 74.55927223453824, 74.32012507350063, 74.09120766799056, 73.87177485403828, 73.66114515602897, 73.45869448021848, 73.26385057867232, 73.0760881597641, 72.89492456655343, 72.71991592596228, 72.5506537097023, 72.38676163400709, 72.22789287615818, 72.07372755116806, 71.92397042288007, 71.77834883145823, 71.63661080927392, 71.49852336859195, 71.36387094506675]
