R1336mzz(Z), p_zwischen=8
[30.8, 31.54736842105263, 32.294736842105266, 33.04210526315789, 33.78947368421053, 34.53684210526316, 35.28421052631579, 36.03157894736842, 36.77894736842105, 37.526315789473685, 38.27368421052632, 39.02105263157895, 39.76842105263158, 40.51578947368421, 41.26315789473684, 42.01052631578948, 42.757894736842104, 43.50526315789474, 44.25263157894737, 45.0]
[2.5367015367635384, 2.538157512572766, 2.5370964005512313, 2.5344822963140365, 2.5308671229690898, 2.526591477999417, 2.5218765839593273, 2.5168714670318715, 2.5116792340904466, 2.50637264160702, 2.501003772229448, 2.4956102805179357, 2.4902195496118873, 2.4848515289172957, 2.479520713825408, 2.474237552005091, 2.4690094601169084, 2.463841567251747, 2.458737268270182, 2.453698637897767]
[66.11318160502125, 66.13728103824839, 66.11971842069192, 66.07642913211525, 66.0165085732699, 65.94556033790766, 65.86722202591517, 65.78394507002324, 65.69742767111072, 65.60887063616762, 65.51913606489902, 65.4288496168476, 65.3384685002042, 65.24832785675781, 65.15867311381818, 65.06968296783809, 64.98148600868876, 64.89417288454412, 64.80780536682647, 64.72242314419837]
R1336mzz(Z), p_zwischen=11
[31.2, 31.926315789473684, 32.652631578947364, 33.37894736842105, 34.10526315789474, 34.83157894736842, 35.5578947368421, 36.28421052631579, 37.01052631578948, 37.73684210526316, 38.46315789473684, 39.189473684210526, 39.915789473684214, 40.642105263157895, 41.368421052631575, 42.09473684210526, 42.82105263157895, 43.54736842105263, 44.27368421052631, 45.0]
[2.772686719076018, 2.7668494535686294, 2.7596309726079236, 2.7516423310478246, 2.743240390630986, 2.7346444009041777, 2.7259933435895523, 2.717376814157676, 2.7088528004838723, 2.70045846808319, 2.6922169619526555, 2.684141848729238, 2.6762400893945646, 2.6685140736075277, 2.6609630353816387, 2.6535840529290167, 2.646372757962809, 2.6393238474041922, 2.6324314494200474, 2.625689386949346]
[69.89181864146926, 69.80134554176264, 69.68926114768884, 69.56495502227375, 69.43391856241038, 69.2995370922897, 69.16396821742578, 69.0286136263417, 68.8943902693872, 68.7618947571045, 68.63150705950247, 68.50345830703316, 68.37787625201605, 68.25481646730098, 68.13428413822571, 68.01624952430382, 67.90065898697756, 67.78744299902094, 67.67652191742826, 67.56781017762373]
R1336mzz(Z), p_zwischen=15
[30.8, 31.54736842105263, 32.294736842105266, 33.04210526315789, 33.78947368421053, 34.53684210526316, 35.28421052631579, 36.03157894736842, 36.77894736842105, 37.526315789473685, 38.27368421052632, 39.02105263157895, 39.76842105263158, 40.51578947368421, 41.26315789473684, 42.01052631578948, 42.757894736842104, 43.50526315789474, 44.25263157894737, 45.0]
[2.957729609608066, 2.944734178073849, 2.930801365484456, 2.916588429869289, 2.9024356943304945, 2.8885272898648013, 2.8749631680727137, 2.8617951546721767, 2.8490464778514655, 2.8367229782476633, 2.8248198312907036, 2.813325712705543, 2.8022254432413707, 2.791501697007336, 2.781136116845309, 2.7711100452736313, 2.7614050026402692, 2.752002994716189, 2.742886707257334, 2.7340396216628826]
[72.68561108385299, 72.49399021337865, 72.28779455762067, 72.0766460493978, 71.86557710341746, 71.65735532969956, 71.45352276953152, 71.25491596394939, 71.06194800968254, 70.87477096323688, 70.69337370853358, 70.51764301671727, 70.34740266504204, 70.1824389978793, 70.02251785990481, 69.86739590093258, 69.71682815027067, 69.57057304923222, 69.42839577997947, 69.29007038897812]
R1336mzz(Z), p_zwischen=18.83
[30.02, 30.80842105263158, 31.596842105263157, 32.385263157894734, 33.17368421052632, 33.962105263157895, 34.75052631578947, 35.538947368421056, 36.32736842105263, 37.11578947368421, 37.904210526315794, 38.69263157894737, 39.48105263157895, 40.269473684210524, 41.05789473684211, 41.846315789473685, 42.63473684210526, 43.423157894736846, 44.21157894736842, 45.0]
[3.0127681744311987, 2.994477189007328, 2.97531683470137, 2.9562462618857346, 2.937655953333576, 2.919711444776026, 2.9024756434532937, 2.8859607771106255, 2.8701530897089746, 2.8550255129092204, 2.8405445130367584, 2.8266739097715115, 2.813377047569122, 2.80061802767459, 2.788362392640498, 2.7765774848643043, 2.765232607698338, 2.7542990678168042, 2.7437501464519207, 2.7335610280011213]
[73.48973740240623, 73.22382676239828, 72.94386628483248, 72.66377290099155, 72.38933517778872, 72.12311193530984, 71.86617403936822, 71.6188455674126, 71.38105787774221, 71.1525327957714, 70.93288282497187, 70.72166801617801, 70.51842910453908, 70.3227069797007, 70.13405408870192, 69.95204095524574, 69.77625967429478, 69.6063255332172, 69.44187746362114, 69.28257775319472]
R1336mzz(Z), p_zwischen=21
[29.7, 30.505263157894735, 31.310526315789474, 32.11578947368421, 32.921052631578945, 33.72631578947369, 34.53157894736842, 35.33684210526316, 36.142105263157895, 36.94736842105263, 37.75263157894737, 38.5578947368421, 39.363157894736844, 40.16842105263158, 40.973684210526315, 41.77894736842105, 42.584210526315786, 43.38947368421053, 44.194736842105264, 45.0]
[2.990097505739223, 2.9696537044057663, 2.9486178738499795, 2.9279813046268344, 2.908081383690225, 2.8890308075649065, 2.870850376494149, 2.853520166281084, 2.837002000507567, 2.8212501551898463, 2.8062167115151833, 2.7918542883430586, 2.778117422602966, 2.7649632266532898, 2.7523516497242624, 2.7402455233115246, 2.7286104817344228, 2.717414825533119, 2.706629350457973, 2.696227166165954]
[73.15996094888152, 72.86084170115815, 72.55132711181966, 72.2459644884705, 71.94987271799312, 71.66490728881834, 71.39156858491688, 71.12974022150185, 70.87901596481309, 70.63885757396521, 70.40867537686117, 70.1878707225435, 69.97585853405087, 69.77207904586245, 69.57600348106408, 69.38713631290229, 69.20501546148546, 69.02921145403778, 68.85932590052845, 68.69498966873441]
