R1336mzz(Z) bei T_Senke_aus=190, T_Senke_in=160
[28.5, 28.842105263157894, 29.18421052631579, 29.526315789473685, 29.86842105263158, 30.210526315789473, 30.55263157894737, 30.894736842105264, 31.236842105263158, 31.57894736842105, 31.92105263157895, 32.26315789473684, 32.60526315789474, 32.94736842105263, 33.28947368421053, 33.631578947368425, 33.973684210526315, 34.31578947368421, 34.6578947368421, 35.0]
[2.631142678416213, 2.663179938771519, 2.6801253315348106, 2.6906624226216294, 2.6975654821184123, 2.70211958699477, 2.705035972960025, 2.7067529434722815, 2.7075608848312833, 2.707662493501527, 2.7072049313681705, 2.706298366467243, 2.7050273172492756, 2.703457931244784, 2.701642840277579, 2.699624505807478, 2.697437589048689, 2.695110664568781, 2.6926674990680812, 2.690128001529012]
[67.65575733045031, 68.16969778886691, 68.43965905081902, 68.60687901884084, 68.71615964351177, 68.78813852966815, 68.83418446890167, 68.86127556810865, 68.87401909675457, 68.87562154933399, 68.86840505640193, 68.8541043276507, 68.83404786222353, 68.80927392646299, 68.78060773163988, 68.74871449096526, 68.71413692792048, 68.6773223395668, 68.63864275366855, 68.59840987788021]
R1336mzz(Z) bei T_Senke_aus=190, T_Senke_in=150
[26.0, 26.473684210526315, 26.94736842105263, 27.42105263157895, 27.894736842105264, 28.36842105263158, 28.842105263157894, 29.31578947368421, 29.789473684210527, 30.263157894736842, 30.736842105263158, 31.210526315789473, 31.684210526315788, 32.1578947368421, 32.63157894736842, 33.10526315789474, 33.578947368421055, 34.05263157894737, 34.526315789473685, 35.0]
[3.1426530444550864, 3.12940091481624, 3.1164379013266843, 3.1037805452679033, 3.0914376035677495, 3.07941230290509, 3.06770402486291, 3.056309534593723, 3.0452232048272614, 3.0344384080971687, 3.0239474874759367, 3.013742180058628, 3.0038138535192425, 2.9941536832957274, 2.984752784084541, 2.9756023069241277, 2.966693512486879, 2.9580178207091152, 2.949566850147419, 2.9413324435522905]
[73.61875543430403, 73.43704467661574, 73.25867972855298, 73.08392721945958, 72.9129482620075, 72.74582792174981, 72.58259743702132, 72.42325055445345, 72.26774611493508, 72.1160271910766, 71.96802050887115, 71.82364229140732, 71.682801557728, 71.54540263723595, 71.41134707353443, 71.280535066767, 71.15286659345843, 71.02824219986412, 70.9065636549209, 70.78773440798464]
R1336mzz(Z) bei T_Senke_aus=190, T_Senke_in=140
[26.0, 26.473684210526315, 26.94736842105263, 27.42105263157895, 27.894736842105264, 28.36842105263158, 28.842105263157894, 29.31578947368421, 29.789473684210527, 30.263157894736842, 30.736842105263158, 31.210526315789473, 31.684210526315788, 32.1578947368421, 32.63157894736842, 33.10526315789474, 33.578947368421055, 34.05263157894737, 34.526315789473685, 35.0]
[3.445952516956028, 3.4264374858657516, 3.4077185311431504, 3.3897476833123314, 3.372480598117095, 3.3558763666194675, 3.339897144907302, 3.3245080058521532, 3.3096762385287684, 3.2953716367183796, 3.2815660344512514, 3.26823317636926, 3.255348555627229, 3.242889268257881, 3.2308338820908533, 3.2191623185645675, 3.207855745989072, 3.1968964829827557, 3.186267910978244, 3.175954394814294]
[75.73968788052025, 75.49813030790968, 75.26529446874608, 75.04071347395099, 74.82395125133203, 74.61460189262586, 74.41228653251376, 74.21665283425882, 74.02736727615923, 73.84411984822594, 73.66661906647076, 73.49459112449, 73.32777853695347, 73.16593890997557, 73.00884382313394, 72.85627781341447, 72.70803744898333, 72.56393048481313, 72.42377509105496, 72.28739914788096]
R1336mzz(Z) bei T_Senke_aus=190, T_Senke_in=130
[28.2, 28.873684210526314, 29.54736842105263, 30.221052631578946, 30.894736842105264, 31.568421052631578, 32.242105263157896, 32.91578947368421, 33.589473684210525, 34.26315789473684, 34.93684210526315, 35.61052631578947, 36.28421052631579, 36.95789473684211, 37.63157894736842, 38.305263157894736, 38.97894736842105, 39.652631578947364, 40.32631578947368, 41.0]
[3.6305481795169845, 3.60448206890737, 3.5798231574650115, 3.556459266712449, 3.5342893541475493, 3.5132221282101384, 3.4931748792029778, 3.474072480748412, 3.455846532600989, 3.4384346218328696, 3.4217796835904384, 3.4058294456430724, 3.3905359438850504, 3.3758550979503203, 3.361746338001947, 3.3481722752156626, 3.3350984097344667, 3.32249287089797, 3.310326185408267, 3.298571069797196]
[75.98098551414424, 75.68058655370208, 75.39460234295215, 75.1220053653272, 74.8618578595642, 74.61330180047912, 74.37555036262916, 74.14788053216081, 73.9296266809631, 73.72017495771973, 73.51895837526857, 73.32545249017053, 73.13917158855293, 72.95966530528442, 72.78651561334377, 72.61933413425619, 72.45775972324839, 72.30145629451937, 72.15011085603977, 72.00343172727229]
R1336mzz(Z) bei T_Senke_aus=190, T_Senke_in=120
[32.4, 32.8, 33.199999999999996, 33.6, 34.0, 34.4, 34.8, 35.2, 35.6, 36.0, 36.4, 36.8, 37.2, 37.6, 38.0, 38.4, 38.8, 39.2, 39.6, 40.0]
[3.7645366661703235, 3.752384334022182, 3.7405717698959755, 3.7290835704580196, 3.7179051499635674, 3.7070226899154433, 3.6964230925163384, 3.686093937527326, 3.676023442210326, 3.666200424060256, 3.6566142660833805, 3.6472548843893926, 3.638112697916341, 3.629178600112037, 3.6204439324265754, 3.6119004594800286, 3.6035403458015836, 3.595356133972659, 3.5873407242296316, 3.57948735522807]
[75.40412464843574, 75.27251178580823, 75.14420287997693, 75.01906033037396, 74.89695297410893, 74.77775574865511, 74.6613493773659, 74.54762007442149, 74.4364592677817, 74.32776333832025, 74.22143337370652, 74.1173749362271, 74.01549784288649, 73.91571595791314, 73.8179469950298, 73.72211233183621, 73.62813683273944, 73.53594868125262, 73.44547922248366, 73.35666281208192]
R1233ZD(E) bei T_Senke_aus=190, T_Senke_in=160
[39.0, 39.78947368421053, 40.578947368421055, 41.368421052631575, 42.1578947368421, 42.94736842105263, 43.73684210526316, 44.526315789473685, 45.31578947368421, 46.10526315789474, 46.89473684210526, 47.68421052631579, 48.473684210526315, 49.26315789473684, 50.05263157894737, 50.8421052631579, 51.631578947368425, 52.421052631578945, 53.21052631578947, 54.0]
[2.4748556541472704, 2.555185146761334, 2.5904269031356932, 2.609309851285296, 2.619997699471816, 2.6258707625250253, 2.628643025613899, 2.629298508680963, 2.6284512884968705, 2.626508052697349, 2.623750300704198, 2.6203796054638486, 2.6165441968981793, 2.612355418833108, 2.6078983570417082, 2.6032389485917053, 2.598428880196974, 2.5935090456836387, 2.5885120590994717, 2.5834640720803708]
[65.08010139382125, 66.41837672351845, 66.99581555002804, 67.3028308599786, 67.47587295889856, 67.57073747481317, 67.61546144776305, 67.62603098825387, 67.61236935131704, 67.58102177557747, 67.53650501809074, 67.4820464997832, 67.42001637355423, 67.35219386788815, 67.27993863886994, 67.20430500132927, 67.12612039680971, 67.04604063085458, 66.9645899363892, 66.88218987654007]
R1233ZD(E) bei T_Senke_aus=190, T_Senke_in=150
[32.5, 33.63157894736842, 34.76315789473684, 35.89473684210526, 37.026315789473685, 38.1578947368421, 39.28947368421053, 40.421052631578945, 41.55263157894737, 42.68421052631579, 43.81578947368421, 44.94736842105263, 46.078947368421055, 47.21052631578947, 48.34210526315789, 49.473684210526315, 50.60526315789474, 51.73684210526316, 52.868421052631575, 54.0]
[3.06418707111701, 3.063259707684845, 3.051882886170205, 3.0363015871758576, 3.018871109100429, 3.0007027289989043, 2.982380617173306, 2.9642296304888283, 2.9464343066036403, 2.9290984052645017, 2.912277188409163, 2.8959959969283213, 2.8802614188958917, 2.865068231136271, 2.850403834825106, 2.8362511324267494, 2.822590427573662, 2.809400680996273, 2.7966603511699213, 2.784347947332151]
[72.53346618786118, 72.52050338079519, 72.36121471903263, 72.14226949147627, 71.89625266075788, 71.63859035302397, 71.37746647240508, 71.11750325767622, 70.86138979950223, 70.61069530383133, 70.36631007785644, 70.12869990688763, 69.89805966376488, 69.67440941381324, 69.45765637699756, 69.24763557330802, 69.0441370511041, 68.84692420751033, 68.65574632781455, 68.47034707277034]
R1233ZD(E) bei T_Senke_aus=190, T_Senke_in=140
[32.5, 33.63157894736842, 34.76315789473684, 35.89473684210526, 37.026315789473685, 38.1578947368421, 39.28947368421053, 40.421052631578945, 41.55263157894737, 42.68421052631579, 43.81578947368421, 44.94736842105263, 46.078947368421055, 47.21052631578947, 48.34210526315789, 49.473684210526315, 50.60526315789474, 51.73684210526316, 52.868421052631575, 54.0]
[3.466889592362203, 3.424942418787602, 3.3859562280078648, 3.3496288547876123, 3.3156943783285775, 3.2839184462823665, 3.2540948978328132, 3.226041760604943, 3.1995981146547186, 3.1746213030196273, 3.15098452768322, 3.1285747855947315, 3.1072910998983474, 3.0870430015644383, 3.0677492284429064, 3.049336603519499, 3.0317390714228534, 3.014896864303711, 2.9987557794422934, 2.9832665536176486]
[75.99751787513873, 75.47957474919635, 74.99319966258238, 74.53560030329785, 74.1042593448821, 73.6969093724581, 73.31151796429319, 72.94625950768362, 72.59949364346787, 72.26974459211529, 71.95568254972805, 71.65610714297918, 71.36993282478865, 71.09617600033793, 70.83394375091532, 70.58242389370875, 70.34087629503087, 70.10862521011482, 69.88505254039836, 69.66959191299232]
R1233ZD(E) bei T_Senke_aus=190, T_Senke_in=130
[32.5, 33.63157894736842, 34.76315789473684, 35.89473684210526, 37.026315789473685, 38.1578947368421, 39.28947368421053, 40.421052631578945, 41.55263157894737, 42.68421052631579, 43.81578947368421, 44.94736842105263, 46.078947368421055, 47.21052631578947, 48.34210526315789, 49.473684210526315, 50.60526315789474, 51.73684210526316, 52.868421052631575, 54.0]
[3.7664507097230526, 3.71487940856524, 3.667317210148781, 3.623295321850483, 3.5824154310778624, 3.544336155167512, 3.5087638461160147, 3.475444205847227, 3.4441559436600016, 3.4147055783556315, 3.3869231966566113, 3.360658967451292, 3.3357802589470493, 3.3121692385462915, 3.2897208648398326, 3.268341197525501, 3.2479459684556953, 3.228459367709493, 3.2098130080756566, 3.1919450381911574]
[77.5161972616075, 76.93966754341875, 76.40143691360126, 75.8975955072579, 75.42474942643203, 74.97992914021509, 74.56053255194539, 74.16426601291043, 73.78910034672083, 73.43323365814138, 73.09506029492213, 72.77314479124948, 72.46619987963024, 72.17306782622327, 71.89270453055309, 71.62416590715588, 71.36659617980467, 71.11921778048652, 70.88132260404855, 70.65226441317084]
R1233ZD(E) bei T_Senke_aus=190, T_Senke_in=120
[35.5, 36.473684210526315, 37.44736842105263, 38.421052631578945, 39.39473684210526, 40.368421052631575, 41.3421052631579, 42.31578947368421, 43.28947368421053, 44.26315789473684, 45.23684210526316, 46.21052631578947, 47.18421052631579, 48.15789473684211, 49.131578947368425, 50.10526315789474, 51.078947368421055, 52.05263157894737, 53.026315789473685, 54.0]
[3.918058422522838, 3.877447076086624, 3.8393253596260455, 3.803459392787757, 3.769643341635925, 3.7376953219856817, 3.7074540169359893, 3.6787758539590616, 3.6515326356283295, 3.625609540583007, 3.6009034285132344, 3.577321396292851, 3.5547795427495683, 3.533201907697268, 3.5125195572629413, 3.4926697926212444, 3.473595463296506, 3.4552443694369424, 3.437568740079595, 3.4205247765428983]
[77.03375728451634, 76.60853610745859, 76.20557641617098, 75.82304872864687, 75.45931465737404, 75.11290242218995, 74.78248621561038, 74.46686858300974, 74.16496530719762, 73.87579238525247, 73.59845476237874, 73.33213654979649, 73.07609250121966, 72.82964056355388, 72.59215534605605, 72.36306238246138, 72.14183307521867, 71.92798023276413, 71.72105412211641, 71.52063896991969]
