Datenblatt der Exergieanalyse für das ε-Hochdruck-Diagramm des Kreislaufs mit interner Wärmerückgewinnung und Zwischenkühlung (oberer Druck und exergetischer Wirkungsgrad)

R1233zd(E) p_zwischen=16.52
[38.4, 38.547474747474745, 38.69494949494949, 38.842424242424244, 38.98989898989899, 39.137373737373736, 39.28484848484848, 39.43232323232323, 39.57979797979798, 39.72727272727273, 39.87474747474747, 40.02222222222222, 40.16969696969697, 40.31717171717172, 40.464646464646464, 40.61212121212121, 40.759595959595956, 40.90707070707071, 41.054545454545455, 41.2020202020202, 41.34949494949495, 41.49696969696969, 41.644444444444446, 41.79191919191919, 41.93939393939394, 42.08686868686867, 42.234343434343415, 42.38181818181816, 42.52929292929291, 42.67676767676766, 42.82424242424241, 42.97171717171715, 43.1191919191919, 43.26666666666665, 43.4141414141414, 43.561616161616136, 43.70909090909089, 43.85656565656564, 44.00404040404039, 44.15151515151513, 44.29898989898988, 44.446464646464634, 44.59393939393937, 44.74141414141412, 44.88888888888887, 45.03636363636362, 45.18383838383836, 45.33131313131311, 45.47878787878786, 45.62626262626261, 45.773737373737355, 45.9212121212121, 46.068686868686854, 46.2161616161616, 46.36363636363634, 46.51111111111109, 46.658585858585845, 46.80606060606058, 46.95353535353533, 47.10101010101008, 47.248484848484836, 47.395959595959575, 47.54343434343432, 47.690909090909074, 47.83838383838382, 47.985858585858566, 48.13333333333331, 48.280808080808065, 48.4282828282828, 48.57575757575756, 48.7232323232323, 48.870707070707056, 49.018181818181795, 49.16565656565654, 49.313131313131294, 49.46060606060605, 49.608080808080786, 49.75555555555553, 49.903030303030285, 50.05050505050504, 50.19797979797978, 50.34545454545452, 50.492929292929276, 50.640404040404015, 50.78787878787877, 50.935353535353514, 51.08282828282827, 51.230303030303006, 51.37777777777776, 51.525252525252505, 51.67272727272726, 51.820202020202, 51.96767676767674, 52.115151515151496, 52.26262626262625, 52.41010101010099, 52.557575757575734, 52.70505050505049, 52.85252525252524, 52.99999999999998]
[59.54062901232054, 61.611476276780195, 63.0429983073029, 64.02735334924998, 64.72636386648037, 65.24321959915659, 65.6395465100532, 65.95261997788504, 66.20583554074673, 66.41449493934226, 66.589000779585, 66.7366727985677, 66.86281816719769, 66.97138616028217, 67.06538262703184, 67.14714076504815, 67.2185030397192, 67.28094677200676, 67.33567228037312, 67.38366667327598, 67.42575040780378, 67.46261197960392, 67.49483428141487, 67.52291451447672, 67.5472800501692, 67.56830044954826, 67.58629727271999, 67.60155189757562, 67.61431180482627, 67.6247955956813, 67.63319725220386, 67.63968965682294, 67.6444273705909, 67.64754909216518, 67.64917979766287, 67.64943227272764, 67.64840873951519, 67.64620197685443, 67.6428964994096, 67.63856946721315, 67.63329143738929, 67.6271271029541, 67.62013589257822, 67.61237245388023, 67.60388732085961, 67.59472702548224, 67.58493466458738, 67.57455017023571, 67.56361059925082, 67.55215038704581, 67.54020157698328, 67.52779402443177, 67.51495558010673, 67.50171225553018, 67.48808837076025, 67.47410668933674, 67.459788539576, 67.44515392444272, 67.43022162126935, 67.41500927290565, 67.39953346588779, 67.38380982750661, 67.36785306171225, 67.35167701852782, 67.3352947897923, 67.3187187163996, 67.30196045947159, 67.28503104077025, 67.26794088450978, 67.25069985543712, 67.23331729472135, 67.21580205158111, 67.19816251439703, 67.18040663838359, 67.16254197169404, 67.1445756792965, 67.1265145659576, 67.10836509663321, 67.0901334157074, 67.07182536647676, 67.05344650613345, 67.0350021233936, 67.01649725151768, 66.99793668387741, 66.97932498546729, 66.96066650585347, 66.94196539023815, 66.92322559006624, 66.90445087320039, 66.88564483333079, 66.86681089851851, 66.84795229202074, 66.82907223080092, 66.81017364719402, 66.79125938609059, 66.77233216395257, 66.75339457508933, 66.73444909720406, 66.71549809719698, 66.69654383658258]
R600 p_zwischen=21.97 (quasi keine Zwischenkühlung)
[53.4, 54.34210526315789, 55.28421052631579, 56.22631578947368, 57.16842105263158, 58.11052631578947, 59.05263157894737, 59.99473684210526, 60.93684210526315, 61.87894736842105, 62.821052631578944, 63.76315789473684, 64.70526315789473, 65.64736842105263, 66.58947368421053, 67.53157894736842, 68.47368421052632, 69.41578947368421, 70.3578947368421, 71.3]
[58.71972406911846, 60.331765667965406, 61.44667846141534, 62.24808338257277, 62.840288379160015, 63.28666648794354, 63.62779309772544, 63.890770297356795, 64.09434612011208, 64.2518773687215, 64.37312185795783, 64.46536385158137, 64.53414377428321, 64.58374617336132, 64.61753134903012, 64.63816924338039, 64.6478050489316, 64.64818015568537, 64.64072057324262, 64.62660458285458]
R1336mzz(Z) p_zwischen=11.81
[29.0, 29.09491525423729, 29.18983050847458, 29.284745762711864, 29.379661016949154, 29.47457627118644, 29.56949152542373, 29.66440677966102, 29.759322033898304, 29.854237288135593, 29.949152542372882, 30.04406779661017, 30.138983050847457, 30.233898305084747, 30.328813559322036, 30.42372881355932, 30.518644067796615, 30.6135593220339, 30.708474576271186, 30.803389830508475, 30.89830508474576, 30.99322033898305, 31.08813559322034, 31.18305084745763, 31.27796610169491, 31.372881355932204, 31.467796610169493, 31.56271186440678, 31.65762711864407, 31.752542372881354, 31.847457627118644, 31.942372881355933, 32.03728813559322, 32.13220338983051, 32.2271186440678, 32.32203389830509, 32.41694915254237, 32.511864406779665, 32.60677966101695, 32.70169491525424, 32.79661016949153, 32.891525423728815, 32.9864406779661, 33.081355932203394, 33.17627118644068, 33.271186440677965, 33.36610169491526, 33.461016949152544, 33.55593220338983, 33.65084745762712, 33.74576271186441, 33.840677966101694, 33.93559322033899, 34.03050847457627, 34.12542372881356, 34.22033898305085, 34.31525423728814, 34.41016949152542, 34.505084745762716, 34.6]
[68.08046185210101, 68.1597905425688, 68.22791939237777, 68.2868440674821, 68.33807388189601, 68.38277801380463, 68.4218813639283, 68.45612866610259, 68.4861287292631, 68.51238580271564, 68.53532233642171, 68.55529583167258, 68.57261154268687, 68.58753220205494, 68.6002855381331, 68.61107032456292, 68.62006100686322, 68.62741146690965, 68.63325818723703, 68.63772274113452, 68.64091387324456, 68.64292922638339, 68.64385678910519, 68.64377611209392, 68.64275930584401, 68.6408720631923, 68.63817418587746, 68.63472036335612, 68.63056080510232, 68.62574144164527, 68.62030475133942, 68.61428976137191, 68.60773265348173, 68.60066683176329, 68.59312329197984, 68.58513081777171, 68.57671617868874, 68.56790430727504, 68.55871845611672, 68.54918034017473, 68.53931026259859, 68.52912719559913, 68.51864901657505, 68.50789240410681, 68.49687305202839, 68.48560571286644, 68.47410426779469, 68.46238179025049, 68.45045060291625, 68.43832233108277, 68.42600795034043, 68.41351783059316, 68.40086177711451, 68.3880490707142, 68.3750884911552, 68.36198836220045, 68.34875657392917, 68.3354006104952, 68.32192757548117, 68.30834421434008]
R601 ursprüngliche Parametrierung mit p_zwischen = 8,51
[23.93, 24.030854271356784, 24.131708542713568, 24.232562814070356, 24.333417085427133, 24.43427135678392, 24.535125628140705, 24.63597989949749, 24.73683417085427, 24.837688442211054, 24.938542713567838, 25.039396984924622, 25.140251256281406, 25.241105527638194, 25.34195979899497, 25.44281407035176, 25.543668341708543, 25.644522613065327, 25.74537688442211, 25.846231155778895, 25.94708542713568, 26.047939698492467, 26.148793969849244, 26.24964824120603, 26.35050251256281, 26.451356783919596, 26.55221105527638, 26.653065326633165, 26.75391959798995, 26.854773869346733, 26.955628140703517, 27.056482412060305, 27.157336683417082, 27.25819095477387, 27.359045226130654, 27.459899497487438, 27.560753768844222, 27.661608040201003, 27.76246231155779, 27.86331658291457, 27.964170854271355, 28.065025125628136, 28.165879396984923, 28.266733668341708, 28.367587939698492, 28.468442211055276, 28.56929648241206, 28.670150753768844, 28.771005025125632, 28.87185929648241, 28.972713567839197, 29.07356783919598, 29.17442211055276, 29.27527638190955, 29.37613065326633, 29.476984924623114, 29.577839195979898, 29.678693467336682, 29.77954773869347, 29.880402010050247, 29.981256281407035, 30.08211055276382, 30.182964824120603, 30.283819095477387, 30.38467336683417, 30.485527638190955, 30.586381909547743, 30.68723618090452, 30.788090452261308, 30.888944723618085, 30.989798994974873, 31.090653266331657, 31.19150753768844, 31.292361809045225, 31.39321608040201, 31.494070351758793, 31.59492462311558, 31.695778894472358, 31.796633165829146, 31.89748743718593, 31.99834170854271, 32.0991959798995, 32.20005025125628, 32.30090452261307, 32.40175879396985, 32.502613065326635, 32.603467336683416, 32.7043216080402, 32.805175879396984, 32.906030150753764, 33.00688442211055, 33.10773869346734, 33.20859296482412, 33.3094472361809, 33.41030150753769, 33.51115577889447, 33.61201005025126, 33.71286432160804, 33.813718592964825, 33.914572864321606, 34.015427135678394, 34.116281407035174, 34.217135678391955, 34.31798994974874, 34.41884422110553, 34.51969849246231, 34.62055276381909, 34.72140703517588, 34.82226130653267, 34.92311557788945, 35.02396984924623, 35.124824120603016, 35.225678391959796, 35.326532663316584, 35.427386934673365, 35.52824120603015, 35.62909547738693, 35.72994974874372, 35.8308040201005, 35.93165829145728, 36.03251256281407, 36.13336683417086, 36.23422110552764, 36.33507537688442, 36.435929648241206, 36.53678391959799, 36.637638190954775, 36.738492462311555, 36.83934673366834, 36.94020100502512, 37.04105527638191, 37.14190954773869, 37.24276381909547, 37.34361809045226, 37.44447236180905, 37.54532663316583, 37.64618090452261, 37.7470351758794, 37.847889447236184, 37.948743718592965, 38.049597989949746, 38.15045226130653, 38.251306532663314, 38.3521608040201, 38.45301507537688, 38.55386934673367, 38.65472361809045, 38.75557788944724, 38.85643216080402, 38.9572864321608, 39.05814070351759, 39.158994974874375, 39.259849246231155, 39.360703517587936, 39.461557788944724, 39.562412060301504, 39.66326633165829, 39.76412060301507, 39.86497487437186, 39.96582914572864, 40.06668341708543, 40.16753768844221, 40.26839195979899, 40.36924623115578, 40.470100502512565, 40.570954773869346, 40.67180904522613, 40.772663316582914, 40.8735175879397, 40.97437185929648, 41.07522613065326, 41.17608040201005, 41.27693467336684, 41.37778894472362, 41.4786432160804, 41.57949748743718, 41.68035175879397, 41.781206030150756, 41.882060301507536, 41.982914572864296, 42.08376884422108, 42.18462311557788, 42.28547738693465, 42.38633165829143, 42.48718592964823, 42.588040201005015, 42.688894472361795, 42.789748743718576, 42.890603015075364, 42.991457286432144, 43.092311557788925, 43.19316582914571, 43.29402010050249, 43.394874371859274, 43.49572864321606, 43.59658291457284, 43.69743718592962, 43.79829145728641, 43.8991457286432, 43.99999999999998]
[74.13737080946913, 74.0780496995038, 74.01924575830243, 73.96095210425871, 73.90316176262304, 73.84586846741703, 73.78906554825126, 73.73274660357009, 73.67690534957107, 73.6215356083527, 73.5666313117496, 73.51218629284789, 73.45819507688014, 73.40465172540934, 73.35155058040237, 73.29888607967382, 73.24665275630599, 73.19484523634998, 73.1434582391542, 73.09248656579429, 73.04192510961883, 72.99176884769984, 72.94201284042308, 72.89265222945095, 72.84368223628725, 72.79509816069701, 72.74689520390284, 72.6990691557099, 72.65161537670663, 72.60452946327895, 72.55780708194014, 72.51144396835424, 72.46543592560917, 72.41977853660315, 72.37446829301246, 72.32950092100164, 72.2848724805656, 72.24057909278389, 72.19661711972806, 72.15298244676774, 72.10967154420692, 72.06668076541153, 72.02400651916213, 71.98164526690611, 71.93959352936275, 71.8978478717986, 71.85640491362011, 71.8152613245244, 71.77441382341294, 71.73385917748209, 71.69359420133206, 71.65361575608851, 71.61392074827289, 71.57450612969821, 71.53536889561994, 71.49650608477629, 71.45791478278305, 71.41959211162082, 71.38153522975088, 71.34374134060283, 71.30620765170876, 71.26893151148982, 71.23191020819168, 71.19514109851363, 71.15862157563939, 71.12234906882361, 71.0863210425007, 71.05053499620819, 71.01498832805802, 70.97967892049704, 70.944604058306, 70.90976191580683, 70.8751494265572, 70.84076450542976, 70.80660508399022, 70.77266881562801, 70.73895348898262, 70.70545693417114, 70.67217696024275, 70.63911142330817, 70.60625820454075, 70.57361529591498, 70.54118061864895, 70.5089521841106, 70.47692792598961, 70.44510590865784, 70.41348418603566, 70.38206084740874, 70.35083396140352, 70.3198016868727, 70.2889620705469, 70.25831365686709, 70.22785419889713, 70.19758205304765, 70.16749542272572, 70.13759268652854, 70.10787232964611, 70.07833345468941, 70.04897236281583, 70.01978839907127, 69.99077992939458, 69.9619453393432, 69.93328303383225, 69.90479143674219, 69.87646899064204, 69.84831415674643, 69.82032541415357, 69.7925012600017, 69.76484020898589, 69.73734079318558, 69.71000156169002, 69.68282108039482, 69.65579793185039, 69.6289307147981, 69.6022180441244, 69.5756585505327, 69.54925088027963, 69.52299369498834, 69.49688567143782, 69.4709255013022, 69.44511189094202, 69.41944356124745, 69.39391924722487, 69.36853769810537, 69.34329767683515, 69.3181979600193, 69.29323733789927, 69.26841461382247, 69.2437286042739, 69.21917813844462, 69.19476205843367, 69.170479218769, 69.14632848636441, 69.12230874034563, 69.09841887169557, 69.07465778334218, 69.051024389858, 69.02751761730514, 69.00413640310666, 68.980879695966, 68.95774645524294, 68.93473565174868, 68.91184626662591, 68.88907729178496, 68.86642772954619, 68.84389659241532, 68.82148290320598, 68.79918569473256, 68.77700400964642, 68.75493690044476, 68.73298342924976, 68.71114266762407, 68.68941369669139, 68.66779560636796, 68.64628749619622, 68.62488847458192, 68.60359765878445, 68.58241417492539, 68.56133715762962, 68.54036575018179, 68.51949910444714, 68.49873638043601, 68.4780767464737, 68.45751937899243, 68.43706346245834, 68.41670818925209, 68.39645275963461, 68.37629638147541, 68.35623827033503, 68.33627764881162, 68.31641374861665, 68.29664580698682, 68.27697306910567, 68.25739478729139, 68.23791022092985, 68.21851863645159, 68.19921930714612, 68.18001151319179, 68.1608945413753, 68.1418676852596, 68.1229302450127, 68.1040815272397, 68.08532084508158, 68.06664751777353, 68.0480608710832, 68.02956023689464, 68.01114495311955, 67.99281436395816, 67.9745678194985, 67.95640467575467, 67.93832429445831, 67.92032604308851, 67.90240929519761, 67.88457342816363, 67.86681782954794, 67.84914188793633, 67.83154499885744, 67.81402656329105, 67.79658598750015, 67.77922268302855]
R601 (Senke 175 ein und 205 aus und ttd_l beim Gaskühler 15 statt 10)  p_zwischen = 11.37
[30.5, 30.577241379310344, 30.654482758620695, 30.73172413793103, 30.808965517241376, 30.886206896551723, 30.96344827586207, 31.040689655172415, 31.11793103448276, 31.195172413793102, 31.27241379310345, 31.349655172413794, 31.426896551724138, 31.504137931034485, 31.58137931034483, 31.658620689655173, 31.73586206896552, 31.813103448275864, 31.89034482758621, 31.967586206896552, 32.0448275862069, 32.122068965517244, 32.19931034482759, 32.27655172413793, 32.353793103448275, 32.43103448275862, 32.50827586206897, 32.585517241379314, 32.66275862068966, 32.74]
[67.88153387288848, 67.91369587451487, 67.94302756283611, 67.96981189880682, 67.9942920742803, 68.01667867774903, 68.03715535978853, 68.05588325151736, 68.07300455169974, 68.08864539982906, 68.10291822340169, 68.11592366795615, 68.12775228709332, 68.13848534257222, 68.14819723237841, 68.15695473590691, 68.16481906683069, 68.17184608419757, 68.17808692575353, 68.18358857512176, 68.18839430284893, 68.19254391322772, 68.19607430493195, 68.19901962600206, 68.20141153453397, 68.20327947898454, 68.20465087105741, 68.20555128140634, 68.20600457266569, 68.20603307761087]
