Datenblatt der Exergieanalyse für das ε-Hochdruck-Diagramm des Kreislaufs mit interner Wärmerückgewinnung und Parallelkompression (oberer Druck und exergetischer Wirkungsgrad)

R1233zdE) mit p_zwischen=24.47
[39.0, 39.282051282051285, 39.56410256410256, 39.84615384615385, 40.12820512820513, 40.41025641025641, 40.69230769230769, 40.97435897435898, 41.256410256410255, 41.53846153846154, 41.82051282051282, 42.1025641025641, 42.38461538461539, 42.666666666666664, 42.94871794871795, 43.23076923076923, 43.51282051282051, 43.794871794871796, 44.07692307692308, 44.35897435897436, 44.64102564102564, 44.92307692307692, 45.205128205128204, 45.48717948717949, 45.76923076923077, 46.05128205128205, 46.333333333333336, 46.61538461538461, 46.8974358974359, 47.17948717948718, 47.46153846153846, 47.743589743589745, 48.02564102564102, 48.30769230769231, 48.58974358974359, 48.871794871794876, 49.15384615384615, 49.43589743589744, 49.717948717948715, 50.0]
[71.45582113606227, 71.76392971352371, 71.93441205262926, 72.02889826693155, 72.0770054149459, 72.094664001584, 72.09124451320609, 72.07265213828347, 72.04281332666254, 72.00445209984258, 71.95952408896079, 71.9094730337978, 71.85538983369965, 71.79811493156537, 71.73830654004267, 71.67648745783171, 71.61307789116913, 71.54841916179882, 71.48279092269671, 71.41642415896578, 71.34951084874554, 71.2822116008241, 71.21466128220156, 71.14697371254394, 71.07924526009883, 71.01155774743563, 70.94398079896682, 70.87657375338779, 70.80938723187482, 70.74246442895887, 70.67584221578865, 70.60955197099679, 70.54362042893683, 70.47807024760897, 70.41292057784186, 70.34818752007706, 70.28388451836929, 70.22002269916715, 70.15661116269628, 70.09365723546011]
R600 mit p_zwischen=30.76
[50.69999999999998, 51.71578947368419, 52.731578947368405, 53.74736842105262, 54.76315789473683, 55.77894736842104, 56.79473684210525, 57.81052631578945, 58.82631578947366, 59.842105263157876, 60.857894736842084, 61.8736842105263, 62.88947368421051, 63.905263157894716, 64.92105263157893, 65.93684210526314, 66.95263157894736, 67.96842105263157, 68.98421052631578, 69.99999999999999]
[65.48367739661558, 66.09630675692006, 66.48280063545991, 66.71362944825835, 66.83769136485468, 66.8880727422842, 66.88706943019487, 66.84981959606439, 66.78674091707242, 66.70511663119923, 66.6101210402031, 66.5054863454392, 66.39394182558516, 66.27750761510389, 66.1576945325276, 66.0356423770923, 65.91221696425119, 65.7880795621713, 65.66373688966301, 65.53957810264154]
R1336mzz(Z) p_zwischen=8
[30.9, 31.26153846153846, 31.623076923076923, 31.984615384615385, 32.34615384615385, 32.707692307692305, 33.06923076923077, 33.43076923076923, 33.79230769230769, 34.15384615384615, 34.51538461538461, 34.87692307692308, 35.238461538461536, 35.6, 35.96153846153846, 36.323076923076925, 36.684615384615384, 37.04615384615384, 37.40769230769231, 37.76923076923077, 38.13076923076923, 38.49230769230769, 38.853846153846156, 39.215384615384615, 39.57692307692308, 39.93846153846154, 40.3, 40.66153846153846, 41.02307692307692, 41.38461538461539, 41.746153846153845, 42.107692307692304, 42.46923076923077, 42.830769230769235, 43.19230769230769, 43.55384615384615, 43.91538461538462, 44.276923076923076, 44.63846153846154, 45.0]
[66.11970395663103, 66.13420512714619, 66.13705241213724, 66.1308299961045, 66.11743365928233, 66.0982916772396, 66.07450349331585, 66.04693050075603, 66.01625757880352, 65.98303605388871, 65.94771441914033, 65.91066082690531, 65.87217983578117, 65.83252509440554, 65.79190908857314, 65.75051073929274, 65.7084813269879, 65.66594933417313, 65.62302416582804, 65.57979928163371, 65.53635470103964, 65.4927590679687, 65.4490713562976, 65.4053422865073, 65.36161550909043, 65.31792859723218, 65.27431388443026, 65.2307991752956, 65.18740834219501, 65.14416185442772, 65.10107720376833, 65.05816928543047, 65.01545073153368, 64.97293219046274, 64.93062257220538, 64.88852926068141, 64.84665830039489, 64.80501455829153, 64.76360186598987, 64.72242314449433]
R601 mit p_zwischen=14,35
[27.74, 28.385263157894734, 29.030526315789473, 29.67578947368421, 30.321052631578947, 30.966315789473683, 31.61157894736842, 32.25684210526315, 32.90210526315789, 33.54736842105263, 34.19263157894737, 34.8378947368421, 35.48315789473684, 36.12842105263158, 36.77368421052631, 37.41894736842105, 38.06421052631579, 38.70947368421052, 39.35473684210526, 40.0]
[75.03669926688346, 74.70007139150455, 74.38149929698291, 74.07965757234962, 73.79334095437258, 73.52145024049676, 73.2629792543954, 73.01700405410699, 72.78267428969329, 72.5592049789972, 72.34586929564897, 72.14199409461757, 71.94695426981136, 71.76016881931878, 71.58109724236142, 71.40923640392836, 71.24411776452119, 71.08530490330045, 70.93239127748217, 70.78499817453822]
R601 (Senke 175 ein und 205 aus und ttd_l beim Gaskühler 15 statt 10) p_zwischen=10
[30.5, 30.79746835443038, 31.09493670886076, 31.39240506329114, 31.689873417721518, 31.9873417721519, 32.28481012658228, 32.58227848101266, 32.879746835443036, 33.177215189873415, 33.4746835443038, 33.77215189873418, 34.06962025316456, 34.36708860759494, 34.664556962025316, 34.962025316455694, 35.25949367088607, 35.55696202531645, 35.85443037974684, 36.151898734177216, 36.449367088607595, 36.74683544303797, 37.04430379746835, 37.34177215189873, 37.639240506329116, 37.936708860759495, 38.234177215189874, 38.53164556962025, 38.82911392405063, 39.12658227848101, 39.42405063291139, 39.72151898734177, 40.01898734177215, 40.31645569620253, 40.61392405063291, 40.91139240506329, 41.20886075949367, 41.50632911392405, 41.80379746835443, 42.10126582278479, 42.398734177215175, 42.69620253164555, 42.993670886075925, 43.29113924050631, 43.58860759493668, 43.88607594936707, 44.18354430379745, 44.48101265822783, 44.778481012658204, 45.07594936708858, 45.37341772151897, 45.670886075949355, 45.968354430379726, 46.265822784810105, 46.56329113924049, 46.86075949367086, 47.15822784810124, 47.45569620253163, 47.753164556962, 48.050632911392384, 48.34810126582276, 48.64556962025315, 48.94303797468352, 49.240506329113906, 49.53797468354429, 49.83544303797467, 50.13291139240504, 50.43037974683543, 50.727848101265806, 51.02531645569618, 51.322784810126564, 51.62025316455694, 51.917721518987314, 52.2151898734177, 52.512658227848085, 52.81012658227846, 53.10759493670884, 53.40506329113922, 53.70253164556961, 53.99999999999998]
[68.55652559285868, 68.57762516874827, 68.58082877970155, 68.57146339520791, 68.55290905528479, 68.52741789680763, 68.4966198639316, 68.4617127153335, 68.42359828482437, 68.38297056185766, 68.34037207954368, 68.29623508718056, 68.25090411006745, 68.20465995201242, 68.15773168359026, 68.11030769866787, 68.06254379413326, 68.01456935152837, 67.96649219662483, 67.91840241407431, 67.87037538844403, 67.82247426476809, 67.77475191190406, 67.72725256147119, 67.68001313296905, 67.6330643557953, 67.58643166502678, 67.54013598528006, 67.49419437536721, 67.44862057504105, 67.40342546909723, 67.35861748266844, 67.31420291943712, 67.27018625186622, 67.22657037009456, 67.18335679965455, 67.14054588447735, 67.09813694857225, 67.05612844992974, 67.01451808339321, 66.97330290075192, 66.932479402151, 66.89204361779947, 66.85199118262595, 66.81231739558152, 66.77301727887782, 66.73408562556628, 66.6955170426599, 66.65730599006937, 66.6194468112308, 66.58193376497866, 66.54476104953413, 66.50792282520777, 66.47141323444127, 66.43522641791246, 66.3993565298893, 66.36379775121524, 66.32854430021399, 66.29359044206267, 66.2589304973751, 66.22455884910472, 66.1904699486867, 66.15665832062919, 66.12311856714226, 66.08984537146002, 66.05683350089754, 66.02407780850017, 65.99157323576054, 65.95931481259039, 65.92729766083187, 65.89551699174895, 65.86396809658417, 65.83264639401501, 65.8015473569838, 65.77066656133212, 65.73999967482402, 65.70954245369809, 65.67929074314921, 65.64924047683284, 65.61938767608027]
