R601 Zweistufenkompression (beide ttd_l=5)
{"p_kond": [25.0, 25.526315789473685, 26.05263157894737, 26.57894736842105, 27.105263157894736, 27.63157894736842, 28.157894736842106, 28.684210526315788, 29.210526315789473, 29.736842105263158, 30.263157894736842, 30.789473684210527, 31.315789473684212, 31.842105263157894, 32.368421052631575, 32.89473684210526, 33.421052631578945, 33.94736842105263, 34.473684210526315, 35.0]}
{"p_kond": [3.1729820922504746, 3.151955425835123, 3.1318997468857623, 3.1127481823624943, 3.0944399890112746, 3.076919783659522, 3.060136994454501, 3.0440453336877225, 3.0286023476842496, 3.0137690224827196, 2.9995094254716785, 2.985790449203542, 2.9725814514003392, 2.9598540753546922, 2.9475820476070056, 2.9357409576724893, 2.9243080935122756, 2.913262495366032, 2.902584249256359, 2.89225501745415]}
{"p_kond": [77.4038337952597, 77.1044886662169, 76.81741317561759, 76.54185177265025, 76.27711152729457, 76.02255456666204, 75.77759314799806, 75.54168459759431, 75.31432698600796, 75.09505529499802, 74.88343783458787, 74.67907393859963, 74.4815899142352, 74.29063749627961, 74.10589182365607, 73.92704901580032, 73.7538244715094, 73.58595439313672, 73.42318567222904, 73.26528448461843]}
R1233ZD(E) Zweistufenkompression (beide ttd_l=5)
{"p_kond": [37.5, 38.421052631578945, 39.3421052631579, 40.26315789473684, 41.18421052631579, 42.10526315789474, 43.026315789473685, 43.94736842105263, 44.868421052631575, 45.78947368421053, 46.71052631578947, 47.631578947368425, 48.55263157894737, 49.473684210526315, 50.39473684210526, 51.31578947368421, 52.23684210526316, 53.1578947368421, 54.078947368421055, 55.0]}
{"p_kond": [2.871328227887157, 2.873406192234179, 2.8696836010454785, 2.862827205227412, 2.8541575287763012, 2.8444123413188844, 2.834036436966315, 2.8233120095240305, 2.8124244385158703, 2.801498401488484, 2.790618961470579, 2.7798445378443937, 2.769215180427898, 2.7587580415905943, 2.7484910739301913, 2.7384256059534815, 2.7285681431849884, 2.718921675085389, 2.709486617423836, 2.7002615060233865]}
{"p_kond": [72.94400841759919, 72.97599259531405, 72.91868127035076, 72.81296992322709, 72.6790161576981, 72.52806301860682, 72.36689409166073, 72.19982611177167, 72.02970962563049, 71.85847624945002, 71.68745734152728, 71.517579666438, 71.34949008081087, 71.18363799497958, 71.02033112706371, 70.85977441062931, 70.70209725311794, 70.54737338915965, 70.39563524831294, 70.24688458518573]}
R600 Zweistufenkompression (beide ttd_l=5)
{"p_kond": [55.0, 56.31578947368421, 57.631578947368425, 58.94736842105263, 60.26315789473684, 61.578947368421055, 62.89473684210526, 64.21052631578948, 65.52631578947368, 66.84210526315789, 68.15789473684211, 69.47368421052632, 70.78947368421052, 72.10526315789474, 73.42105263157895, 74.73684210526315, 76.05263157894737, 77.36842105263159, 78.6842105263158, 80.0]}
{"p_kond": [2.488573004612444, 2.512224614484939, 2.5287752671512025, 2.5402778463115934, 2.548086602164372, 2.5531300727113817, 2.556065215585369, 2.55736906758424, 2.557395600138194, 2.556412326569216, 2.554624585372119, 2.5521921263007235, 2.549240670249009, 2.5458701601521887, 2.54216075698164, 2.538177241013186, 2.5339723248387096, 2.529589154005985, 2.5250632344000326, 2.520423910582979]}
{"p_kond": [66.72453279463309, 67.12878471319588, 67.41003024959167, 67.60470567478804, 67.73649857582117, 67.82146320588292, 67.87085340175548, 67.89278022780228, 67.89322633958321, 67.87669155392473, 67.84661684524322, 67.8056714360437, 67.75595139309524, 67.69912044185061, 67.63651170902547, 67.56920203202753, 67.49806764906918, 67.42382607317766, 67.34706826174317, 67.26828321723185]}
R1336mzz(Z) Zweistufenkompression (beide ttd_l=5)
{"p_kond": [29.0, 29.36842105263158, 29.736842105263158, 30.105263157894736, 30.473684210526315, 30.842105263157894, 31.210526315789473, 31.57894736842105, 31.94736842105263, 32.31578947368421, 32.68421052631579, 33.05263157894737, 33.421052631578945, 33.78947368421053, 34.1578947368421, 34.526315789473685, 34.89473684210526, 35.26315789473684, 35.63157894736842, 36.0]}
{"p_kond": [2.9637081212352947, 2.9580329074549536, 2.9522077445470556, 2.946280285442376, 2.9402877617545724, 2.934259454464977, 2.928218549939432, 2.922183502897405, 2.9161690451160696, 2.9101869565189666, 2.904246652979106, 2.8983556435349813, 2.8925198893984336, 2.8867440876804387, 2.8810318987531973, 2.87538613489489, 2.869808897088445, 2.8643017048570343, 2.858865593220395, 2.853501194588396]}
{"p_kond": [74.34877298432431, 74.2635024594257, 74.1758423551543, 74.08650047903139, 73.99603158476334, 73.90487365579703, 73.8133751454679, 73.72181495680304, 73.63041721007428, 73.5393625272056, 73.44879662787747, 73.35883701497549, 73.26957822469785, 73.1810959770411, 73.0934505033131, 73.00668931422565, 72.92084919897552, 72.83595813813399, 72.7520367285373, 72.66909939099162]}
