R1336mzz(Z), p_zwischen = 8.5
[30.9, 31.48421052631579, 32.06842105263158, 32.652631578947364, 33.23684210526316, 33.821052631578944, 34.40526315789474, 34.98947368421052, 35.57368421052632, 36.1578947368421, 36.742105263157896, 37.32631578947368, 37.910526315789475, 38.49473684210526, 39.078947368421055, 39.66315789473684, 40.24736842105263, 40.83157894736842, 41.415789473684214, 42.0]
[2.4136159114661413, 2.4328256284460408, 2.4472403611767692, 2.4582422253266, 2.4667151431155516, 2.473257657847569, 2.4782927735965434, 2.4821295137143276, 2.484999674330119, 2.4870809173408843, 2.4885118589696313, 2.489402289189365, 2.489840279288931, 2.489897270404904, 2.4896317653746403, 2.489092067077363, 2.488318362177318, 2.4873442972669997, 2.486198213898432, 2.484904102718879]
[64.03871388637755, 64.36738117597554, 64.61280098402378, 64.79942214919232, 64.94273900477965, 65.0531625231744, 65.13800172025847, 65.20256575599181, 65.25081741907324, 65.28578111382944, 65.30980789083513, 65.32475397759166, 65.33210433345545, 65.33306069061413, 65.32860516631831, 65.3195472617554, 65.30655949049894, 65.29020424384282, 65.27095477424555, 65.24921136416853]
R1336mzz(Z), p_zwischen = 9.5
[30.9, 31.48421052631579, 32.06842105263158, 32.652631578947364, 33.23684210526316, 33.821052631578944, 34.40526315789474, 34.98947368421052, 35.57368421052632, 36.1578947368421, 36.742105263157896, 37.32631578947368, 37.910526315789475, 38.49473684210526, 39.078947368421055, 39.66315789473684, 40.24736842105263, 40.83157894736842, 41.415789473684214, 42.0]
[2.5639420980265673, 2.575632520501966, 2.5835634517077817, 2.5888612087017155, 2.592241585417556, 2.5941859916943555, 2.5950321688057048, 2.5950249167548405, 2.5943463194112697, 2.5931346774142185, 2.5914968504469473, 2.5895166069040663, 2.5872604030853195, 2.584781503100873, 2.5821229700811466, 2.579319878862488, 2.5764009791863036, 2.5733899627466394, 2.5703064466746075, 2.5671667290369227]
[66.56240435604198, 66.75411727057465, 66.88381323171286, 66.97028483731013, 67.02539206810705, 67.05706589648844, 67.07084439701462, 67.07072632425923, 67.05967680566319, 67.03994246579461, 67.01325589141275, 66.98097335782775, 66.94416979012651, 66.90370622162699, 66.86027861677628, 66.8144538854021, 66.76669688512858, 66.71739094640952, 66.66685377379422, 66.61534963834868]
R1336mzz(Z), p_zwischen = 11.83
[30.0, 30.24736842105263, 30.494736842105265, 30.742105263157896, 30.989473684210527, 31.236842105263158, 31.484210526315792, 31.731578947368423, 31.978947368421053, 32.22631578947369, 32.473684210526315, 32.72105263157895, 32.968421052631584, 33.21578947368421, 33.463157894736845, 33.71052631578948, 33.95789473684211, 34.20526315789474, 34.45263157894737, 34.7]
[2.6870010051320885, 2.6896751619640833, 2.691434359216015, 2.692475627589359, 2.692942459079261, 2.6929425290607734, 2.692558626257402, 2.691855679990004, 2.6908854824014865, 2.689689948240741, 2.688303404989453, 2.6867542706052885, 2.685066296025514, 2.6832594842355877, 2.6813508088205884, 2.6793547636448922, 2.6772837964094283, 2.67514864829427, 2.672958636380436, 2.670721869532717]
[68.54882983260374, 68.59123258848152, 68.61910989549826, 68.63560396661303, 68.6429971793806, 68.6429982876294, 68.63691848794136, 68.62578435235393, 68.6104135414576, 68.59146695829317, 68.56948531694654, 68.5449158791341, 68.51813221905577, 68.48944881870426, 68.45913245920975, 68.42741092196525, 68.3944798418285, 68.36050806755759, 68.3256421144305, 68.29000956218223]
R1336mzz(Z), p_zwischen = 12
[29.0, 29.226315789473684, 29.45263157894737, 29.678947368421053, 29.905263157894737, 30.13157894736842, 30.357894736842105, 30.58421052631579, 30.810526315789474, 31.036842105263155, 31.263157894736842, 31.489473684210523, 31.715789473684207, 31.94210526315789, 32.16842105263158, 32.39473684210526, 32.62105263157895, 32.84736842105263, 33.07368421052631, 33.3]
[2.661285286901965, 2.671152292347679, 2.678091251520197, 2.683057525219809, 2.6866089616440814, 2.6891008858342578, 2.690774007610872, 2.691799080851942, 2.6923015999995847, 2.692376489013997, 2.692097214531271, 2.6915217466854906, 2.6906965826944145, 2.6896595282309956, 2.688441696252271, 2.687068957594203, 2.685563020401999, 2.683942246255542, 2.682222276575569, 2.680416519949374]
[68.13943328341014, 68.29686810982616, 68.40732171761007, 68.4862417829074, 68.5426107136227, 68.58212927228419, 68.60864718098723, 68.62488776916497, 68.63284764234943, 68.63403378352582, 68.62961032459187, 68.62049433072677, 68.60742032106421, 68.5909847849073, 68.57167811035609, 68.54990771578056, 68.52601523355037, 68.50028948090598, 68.47297640000835, 68.44428678014825]
